1592828024184 0.6103286 0
1592828024217 0.6713615 1
1592828024246 0.80985916 2
1592828024278 0.899061 3
1592828024305 0.9201878 4
1592828024334 0.92488265 5
1592828024360 0.92488265 6
1592828024390 0.92253524 7
1592828024420 0.92488265 8
1592828024454 0.92957747 9
1592828024483 0.9319249 10
1592828024510 0.943662 11
1592828024537 0.9530516 12
1592828024564 0.9600939 13
1592828024595 0.96478873 14
1592828024626 0.9600939 15
1592828024654 0.97183096 16
1592828024683 0.96948355 17
1592828024713 0.97652584 18
1592828024739 0.97417843 19
1592828024769 0.98122066 20
1592828024800 0.97417843 21
1592828024831 0.98122066 22
1592828024862 0.97652584 23
1592828024892 0.98122066 24
1592828024919 0.9835681 25
1592828024952 0.98122066 26
1592828024981 0.9835681 27
1592828025012 0.98122066 28
1592828025042 0.9859155 29
1592828025072 0.9835681 30
1592828025102 0.9835681 31
1592828025132 0.9835681 32
1592828025166 0.9859155 33
1592828025199 0.9835681 34
1592828025232 0.9859155 35
1592828025280 0.9859155 36
1592828025330 0.9859155 37
1592828025361 0.9835681 38
1592828025390 0.9859155 39
1592828025419 0.9859155 40
1592828025453 0.9859155 41
1592828025482 0.9859155 42
1592828025513 0.9859155 43
1592828025542 0.9859155 44
1592828025581 0.9835681 45
1592828025612 0.9859155 46
1592828025645 0.9859155 47
1592828025677 0.9882629 48
1592828025708 0.9859155 49
1592828025742 0.9859155 50
1592828025771 0.9859155 51
1592828025799 0.9835681 52
1592828025831 0.9882629 53
1592828025863 0.9882629 54
1592828025897 0.9882629 55
1592828025928 0.9859155 56
1592828025959 0.9882629 57
1592828025987 0.9882629 58
1592828026016 0.9859155 59
1592828026048 0.9906103 60
1592828026081 0.9906103 61
1592828026112 0.9882629 62
1592828026146 0.9906103 63
1592828026175 0.9882629 64
1592828026205 0.9906103 65
1592828026242 0.9906103 66
1592828026272 0.9882629 67
1592828026306 0.9906103 68
1592828026341 0.9929578 69
1592828026373 0.9906103 70
1592828026404 0.9906103 71
1592828026436 0.9906103 72
1592828026474 0.9882629 73
1592828026518 0.9906103 74
1592828026551 0.9906103 75
1592828026582 0.9929578 76
1592828026611 0.9929578 77
1592828026641 0.9859155 78
1592828026670 0.9906103 79
1592828026703 0.9906103 80
1592828026734 0.9906103 81
1592828026764 0.9929578 82
1592828026799 0.9929578 83
1592828026829 0.9929578 84
1592828026858 0.9906103 85
1592828026889 0.9906103 86
1592828026921 0.9906103 87
1592828026950 0.9929578 88
1592828026981 0.9906103 89
1592828027009 0.9906103 90
1592828027037 0.9929578 91
1592828027064 0.9929578 92
1592828027093 0.9929578 93
1592828027121 0.9929578 94
1592828027152 0.9906103 95
1592828027182 0.9929578 96
1592828027214 0.9929578 97
1592828027240 0.9906103 98
1592828027267 0.9906103 99
