1592828024184 0.6924164681367471 0
1592828024217 0.6895873028907418 1
1592828024246 0.6829549404377109 2
1592828024278 0.6700163072263691 3
1592828024305 0.6447912535756967 4
1592828024334 0.6047409929579972 5
1592828024360 0.5462353607298622 6
1592828024390 0.4693757435525527 7
1592828024420 0.3867737972680392 8
1592828024454 0.3138869371212704 9
1592828024483 0.2548055217859331 10
1592828024510 0.21198833422481733 11
1592828024537 0.1876256440726804 12
1592828024564 0.1590104802323619 13
1592828024595 0.14731307785975542 14
1592828024626 0.1373680713520923 15
1592828024654 0.12109289129435176 16
1592828024683 0.11258411001711384 17
1592828024713 0.10237468875280009 18
1592828024739 0.09958883404661792 19
1592828024769 0.08615503771484179 20
1592828024800 0.08581187153681064 21
1592828024831 0.07921881608210259 22
1592828024862 0.08244597023361726 23
1592828024892 0.07621928818628822 24
1592828024919 0.07066190048632487 25
1592828024952 0.07006519028978168 26
1592828024981 0.07594434578548855 27
1592828025012 0.07150404191982578 28
1592828025042 0.05839194422981269 29
1592828025072 0.06680455260818273 30
1592828025102 0.06550624258291553 31
1592828025132 0.05972064052109427 32
1592828025166 0.05945832726104019 33
1592828025199 0.06054912043403082 34
1592828025232 0.0577194442963796 35
1592828025280 0.05626692852014107 36
1592828025330 0.05560551665093697 37
1592828025361 0.05876359228097217 38
1592828025390 0.053910106398654935 39
1592828025419 0.05488525504167651 40
1592828025453 0.05125977818202664 41
1592828025482 0.05257752264451952 42
1592828025513 0.05333457743976388 43
1592828025542 0.051459153230901056 44
1592828025581 0.049233697005001034 45
1592828025612 0.04865042694752485 46
1592828025645 0.0548518677744927 47
1592828025677 0.045478319692394825 48
1592828025708 0.05160864862337918 49
1592828025742 0.04365984497792984 50
1592828025771 0.05077178027270965 51
1592828025799 0.04661852444911227 52
1592828025831 0.049389360533773616 53
1592828025863 0.04639877969652694 54
1592828025897 0.048504263276295485 55
1592828025928 0.04376469171243094 56
1592828025959 0.04456553215536993 57
1592828025987 0.04353216911355654 58
1592828026016 0.044540284852991364 59
1592828026048 0.04307691782642978 60
1592828026081 0.04517832942341975 61
1592828026112 0.04331202687861774 62
1592828026146 0.042075996628214776 63
1592828026175 0.0419431662420904 64
1592828026205 0.04042688567418728 65
1592828026242 0.03926291140102445 66
1592828026272 0.04232161257529692 67
1592828026306 0.041136881625148614 68
1592828026341 0.03845234839311263 69
1592828026373 0.044303667456121514 70
1592828026404 0.040236050260861016 71
1592828026436 0.039493864069872056 72
1592828026474 0.040632642007612144 73
1592828026518 0.038031013205892326 74
1592828026551 0.03620336534446674 75
1592828026582 0.03794702268402341 76
1592828026611 0.03400468635875644 77
1592828026641 0.040331734488652626 78
1592828026670 0.035182737124462925 79
1592828026703 0.03197327489251962 80
1592828026734 0.03873310622894708 81
1592828026764 0.033830817316619445 82
1592828026799 0.036389194118479885 83
1592828026829 0.03622889288311973 84
1592828026858 0.03411595731921179 85
1592828026889 0.03524399165746192 86
1592828026921 0.03599511933220034 87
1592828026950 0.03211686528012366 88
1592828026981 0.03156224654838793 89
1592828027009 0.03416107164066232 90
1592828027037 0.0333036585369895 91
1592828027064 0.03147461609433934 92
1592828027093 0.03521537702932884 93
1592828027121 0.027666156291699325 94
1592828027152 0.028872738706009208 95
1592828027182 0.027830060322204947 96
1592828027214 0.03385018740295315 97
1592828027240 0.03006430059898767 98
1592828027267 0.028244842700835125 99
