1592828030341 0.6549296 0
1592828030370 0.7065728 1
1592828030393 0.81220657 2
1592828030421 0.87089205 3
1592828030451 0.91079813 4
1592828030476 0.9201878 5
1592828030518 0.9342723 6
1592828030553 0.92723006 7
1592828030589 0.92723006 8
1592828030624 0.9413146 9
1592828030677 0.9413146 10
1592828030709 0.9483568 11
1592828030738 0.9460094 12
1592828030772 0.9530516 13
1592828030804 0.9507042 14
1592828030832 0.9577465 15
1592828030861 0.96948355 16
1592828030888 0.96948355 17
1592828030918 0.97652584 18
1592828030949 0.97417843 19
1592828030988 0.97887325 20
1592828031018 0.97183096 21
1592828031045 0.97652584 22
1592828031069 0.97652584 23
1592828031092 0.98122066 24
1592828031115 0.9835681 25
1592828031139 0.9859155 26
1592828031161 0.98122066 27
1592828031187 0.9835681 28
1592828031216 0.9859155 29
1592828031250 0.98122066 30
1592828031285 0.9859155 31
1592828031307 0.9835681 32
1592828031333 0.9835681 33
1592828031356 0.9859155 34
1592828031384 0.9882629 35
1592828031410 0.9859155 36
1592828031443 0.9835681 37
1592828031476 0.9882629 38
1592828031504 0.9882629 39
1592828031530 0.9835681 40
1592828031553 0.9859155 41
1592828031587 0.9859155 42
1592828031618 0.9882629 43
1592828031643 0.9859155 44
1592828031673 0.9859155 45
1592828031701 0.9859155 46
1592828031725 0.9882629 47
1592828031750 0.9906103 48
1592828031771 0.9859155 49
1592828031798 0.9882629 50
1592828031822 0.9906103 51
1592828031850 0.9835681 52
1592828031873 0.9882629 53
1592828031896 0.9882629 54
1592828031923 0.9859155 55
1592828031947 0.9859155 56
1592828031968 0.9859155 57
1592828031987 0.9859155 58
1592828032013 0.9906103 59
1592828032041 0.9882629 60
1592828032068 0.98122066 61
1592828032106 0.9835681 62
1592828032129 0.9859155 63
1592828032156 0.9882629 64
1592828032185 0.9882629 65
1592828032210 0.9882629 66
1592828032247 0.9906103 67
1592828032283 0.9882629 68
1592828032308 0.9859155 69
1592828032333 0.9882629 70
1592828032357 0.9906103 71
1592828032385 0.9906103 72
1592828032411 0.9929578 73
1592828032438 0.9929578 74
1592828032464 0.9906103 75
1592828032491 0.9929578 76
1592828032519 0.9929578 77
1592828032544 0.9882629 78
1592828032570 0.9882629 79
1592828032591 0.9906103 80
1592828032616 0.9859155 81
1592828032638 0.9882629 82
1592828032668 0.9835681 83
1592828032705 0.9882629 84
1592828032734 0.9882629 85
1592828032758 0.9882629 86
1592828032784 0.9906103 87
1592828032809 0.9882629 88
1592828032836 0.9882629 89
1592828032861 0.9906103 90
1592828032888 0.9906103 91
1592828032917 0.9906103 92
1592828032950 0.9906103 93
1592828032973 0.9882629 94
1592828033000 0.9882629 95
1592828033023 0.9929578 96
1592828033052 0.9859155 97
1592828033081 0.9882629 98
1592828033108 0.9906103 99
