1592828030341 0.6924435935669662 0
1592828030370 0.6892100267566985 1
1592828030393 0.6820155365366332 2
1592828030421 0.6685825782202779 3
1592828030451 0.6426470836563289 4
1592828030476 0.6014481463902434 5
1592828030518 0.5404772727702145 6
1592828030553 0.46596380704445456 7
1592828030589 0.38463566378808356 8
1592828030624 0.3168898971987442 9
1592828030677 0.26331306371330654 10
1592828030709 0.2225840279893696 11
1592828030738 0.19636951897625632 12
1592828030772 0.17731402842371677 13
1592828030804 0.15860466512156204 14
1592828030832 0.14137751633572465 15
1592828030861 0.13212031405856353 16
1592828030888 0.12614835952649095 17
1592828030918 0.10999591627591093 18
1592828030949 0.11082930394181623 19
1592828030988 0.10230096433084336 20
1592828031018 0.1052544508654047 21
1592828031045 0.09114838480739526 22
1592828031069 0.08151912364776426 23
1592828031092 0.08970931750403044 24
1592828031115 0.08183925943405415 25
1592828031139 0.08402609870607304 26
1592828031161 0.07821484665635606 27
1592828031187 0.08216865490160077 28
1592828031216 0.07532857914625758 29
1592828031250 0.07359914358338 30
1592828031285 0.07684825467461712 31
1592828031307 0.07558797452896134 32
1592828031333 0.07190852187259096 33
1592828031356 0.06732025303541214 34
1592828031384 0.06531689436712736 35
1592828031410 0.06858724351325225 36
1592828031443 0.06353434567020533 37
1592828031476 0.06122836478474274 38
1592828031504 0.06450764604017768 39
1592828031530 0.061665066325503615 40
1592828031553 0.06085602979355015 41
1592828031587 0.05389002112435623 42
1592828031618 0.06082490456461067 43
1592828031643 0.05792434029543484 44
1592828031673 0.05710497366465593 45
1592828031701 0.05535249884279681 46
1592828031725 0.05323241669422304 47
1592828031750 0.05152027357037359 48
1592828031771 0.05918285593023183 49
1592828031798 0.04740469212788091 50
1592828031822 0.04628671721463472 51
1592828031850 0.060746897790283666 52
1592828031873 0.056427382807216736 53
1592828031896 0.05301911372499007 54
1592828031923 0.05691571646925289 55
1592828031947 0.051888420758113056 56
1592828031968 0.051410112153966105 57
1592828031987 0.05600185950282314 58
1592828032013 0.05055809137739346 59
1592828032041 0.045971292276547546 60
1592828032068 0.04896348702585753 61
1592828032106 0.050543506258110486 62
1592828032129 0.048964075608607466 63
1592828032156 0.050405794715272706 64
1592828032185 0.04694987175889978 65
1592828032210 0.05034589557580545 66
1592828032247 0.04127058903621116 67
1592828032283 0.05102989398502688 68
1592828032308 0.04376870695449097 69
1592828032333 0.04748843654010777 70
1592828032357 0.046449595288386644 71
1592828032385 0.04044862306663688 72
1592828032411 0.04081758534964262 73
1592828032438 0.043359997153212204 74
1592828032464 0.04368571517770419 75
1592828032491 0.04401286138317814 76
1592828032519 0.04146521432246541 77
1592828032544 0.04316532767504594 78
1592828032570 0.04712415706506218 79
1592828032591 0.042005762877598614 80
1592828032616 0.04214044039885343 81
1592828032638 0.039746182330145104 82
1592828032668 0.04928204557582946 83
1592828032705 0.04076796056519092 84
1592828032734 0.042181034310078115 85
1592828032758 0.042910089261584995 86
1592828032784 0.03623672735444467 87
1592828032809 0.042950245138572554 88
1592828032836 0.040175388178005464 89
1592828032861 0.036392844610021145 90
1592828032888 0.0401004828215345 91
1592828032917 0.039878706581138526 92
1592828032950 0.03648485160681983 93
1592828032973 0.03991545378689615 94
1592828033000 0.039679081209808446 95
1592828033023 0.03531992228640497 96
1592828033052 0.03841520534137465 97
1592828033081 0.03541939307721288 98
1592828033108 0.03344692153847414 99
